513
6.527197242586687e-05
0.0005792649490123917
0.0015749724716205696
0.0030165707761000255
0.004877548086781827
0.007139260480551058
0.00978787016181524
0.012812472571611028
0.016204079877564784
0.019955042095104066
0.024058691080433584
0.028509106314273645
0.03330095251059753
0.03842936236440634
0.04388984911870095
0.04967823961973187
0.05579062190204818
0.06222330334998289
0.068972776727873
0.0760356921738294
0.08340883378483424
0.09108909978428534
0.09907348551645406
0.10735906869247952
0.11594299644288503
0.12482247382739453
0.13399475352408613
0.14345712647356001
0.1532069132946019
0.16324145631895615
0.17355811211679942
0.18415424440291295
0.19502721722766786
0.20617438836761925
0.21759310283845004
0.22928068645861854
0.2412344393957935
0.2534516296300693
0.26592948626845525
0.2786651926439343
0.29165587913000385
0.3048986155973688
0.3183904034340431
0.3321281670424324
0.3461087447178585
0.36032887880107134
0.3747852049830437
0.38947424062272107
0.4043923719169627
0.4195358397357762
0.43490072390399637
0.45048292567150017
0.4662781480659561
0.482281873762941
0.4984893400343779
0.5148955102448102
0.5314950412492534
0.5482822459006835
0.5652510496891039
0.58239494029514
0.5997069085312572
0.6171793787381111
0.6348041261674857
0.6525721781661461
0.6704736950049046
0.6884978248670436
0.7066325256597781
0.7248643436990222
0.743178135559742
0.7615567138794356
0.7799803896632062
0.7984263710125419
0.8168679583246732
0.835273443757777
0.8536045685665382
0.871814297104717
0.8898434923649675
0.9076157402864145
0.9250288679345368
0.9419401098999107
0.9581378524843513
0.9732810663856047
0.9867444610780405
0.9970827619689653
1.000056569338918
1.0005047966807596
1.001379910652712
1.002648582834087
1.0042774241555297
1.0062378429537586
1.0085060713822045
1.011062220900744
1.013889490537054
1.016973582917738
1.020302229591224
1.0238647711566753
1.0276517921249522
1.0316548336638538
1.0358661969485643
1.0402788241190675
1.04488622597547
1.0496824266778075
1.0546619102774768
1.0598195684235447
1.0651506541656792
1.0706507443382969
1.0763157089417572
1.0821416847091891
1.088125051353501
1.094262410347617
1.1005505662816337
1.1069865104528778
1.1135674062120233
1.1202905757697457
1.12715348832052
1.1341537493446914
1.1412890909282638
1.1485573629662016
1.1559565251518362
1.1634846396684777
1.1711398645043452
1.178920447322733
1.18682471983062
1.1948510925957492
1.2029980502674504
1.2112641471621797
1.219648003179422
1.2281483000175688
1.2367637776625562
1.2454932311251359
1.254335507405224
1.2632895026639823
1.2723541595862984
1.2815284649180385
1.2908114471640264
1.3002021744339833
1.3096997524249256
1.319303322529535
1.3290120600610533
1.338825172586014
1.3487418983569601
1.3587615048379247
1.3688832873161034
1.379106567593613
1.3894306927539049
1.3998550339976643
1.4103789855436335
1.421001963589906
1.4317234053318577
1.4425427680328993
1.4534595281448264
1.464473180474541
1.4755832373942726
1.4867892280926331
1.4980906978639277
1.5094872074335326
1.5209783323170607
1.5325636622113663
1.5442428004155868
1.5560153632804261
1.5678809796840203
1.5798392905329428
1.5918899482868285
1.6040326165054994
1.616266969417134
1.6285926915065372
1.6410094771221884
1.6535170301012216
1.6661150634113195
1.678803298808707
1.6915814665113695
1.7044493048866018
1.717406560152213
1.7304529860907751
1.7435883437761677
1.7568124013118924
1.770124933580405
1.7835257220029843
1.797014554309772
1.810591224319293
1.8242555317271358
1.8380072819032505
1.8518462856974938
1.8657723592530777
1.8797853238274063
1.8938850056201912
1.9080712356083416
1.922343849387364
1.9367026870188668
1.951147592884037
1.9656784155428721
1.9802950075987638
1.9949972255681914
2.009784929755402
2.024657984131729
2.039616256219536
2.054659616980508
2.0697879407080197
2.085001104923321
2.100298990275681
2.1156814804462054
2.13114846205505
2.1466998245719187
2.1623354602298064
2.178055263941797
2.193859133220865
2.2097469681024213
2.2257186710695924
2.2417741469811223
2.257913303001602
2.2741360485342716
2.2904422951562027
2.3068319565554942
2.323304948470546
2.3398611886315543
2.356500596703891
2.373223094233422
2.3900286045935526
2.4069170529340203
2.4238883661313504
2.440942472741022
2.4580793029512815
2.4752987885381135
2.4926008628219245
2.5099854606253706
2.527452518232982
2.545001973351694
2.562633765072591
2.580347833833933
2.598144121385489
2.6160225707539095
2.633983126208979
2.652025733231094
2.6701503384797145
2.6883568897626073
2.706645336006381
2.7250156272276227
2.7434677145049453
2.7620015499518424
2.780617086690385
2.799314278826015
2.818093081422575
2.8369534504782012
2.8558953429020737
2.8749187164918837
2.8940235299119217
2.9132097426715085
2.932477315104259
2.951826208348083
2.971256384325716
2.9907678057255302
3.0103604359830687
3.0300342392631263
3.0497891804423625
3.069625225092282
3.08954233946285
3.109540490466347
3.129619645661722
3.149779773239503
3.170020842007246
3.1903428213749456
3.2107456813411157
3.231229392479172
3.2517939259243565
3.27243925336096
3.2931653470095315
3.313972179614756
3.3348597244336644
3.3558279552243175
3.3768768462342287
3.3980063721894043
3.419216508283762
3.440507230169081
3.4618785139443515
3.4833303361462273
3.5048626737392783
3.526475504106777
3.548168805041449
3.5699425547367025
3.5917967317780053
3.6137313151341486
3.6357462841491555
3.6578416185345515
3.6800172983612174
3.702273304051873
3.724609616373356
3.747026216429794
3.7695230856554796
3.792100205807703
3.8147575589599274
3.8374951274955533
3.8603128941016016
3.8832108417620694
3.906188953751724
3.9292472136305814
3.952385605238014
3.9756041126868316
3.998902720357887
4.022281412894364
4.0457401751970945
4.069278992418915
4.09289784995967
4.116596733461313
4.140375628803471
4.16423452209827
4.18817339968559
4.212192248129136
4.236291054211808
4.260469804931525
4.284728487496598
4.309067089322133
4.333485598025902
4.357984001424541
4.382562287529287
4.407220444542522
4.431958460854402
4.456776325038846
4.4816740258503165
4.5066515522202675
4.531708893253731
4.556846038226458
4.582062976581392
4.607359697925213
4.632736192025968
4.658192448809795
4.683728458357848
4.709344210903717
4.735039696830357
4.7608149066673695
4.786669831088524
4.812604460909279
4.8386187870837825
4.864712800702036
4.8908864929885185
4.917139855299155
4.943472879118882
4.969885556059234
4.996377877856504
5.022949836369464
5.049601423577002
5.0763326315756805
5.103143452578259
5.130033878911531
5.157003903014025
5.184053517434411
5.211182714829341
5.238391487961493
5.2656798296980885
5.2930477330089865
5.320495190964634
5.348022196734301
5.375628743584795
5.4033148248789304
5.43108043407319
5.458925564716608
5.486850210448981
5.514854364999808
5.542938022186506
5.571101175912122
5.599343820165226
5.627665949017992
5.656067556624482
5.684548637219686
5.713109185117697
5.741749194711044
5.77046866046937
5.799267576937344
5.828145938733759
5.857103740551258
5.886140977154208
5.915257643377464
5.944453734125766
5.973729244372077
6.003084169157045
6.032518503587452
6.062032242835666
6.09162538213769
6.121297916792984
6.1510498421633715
6.180881153671695
6.210791846801022
6.240781917093541
6.270851360150177
6.301000171629185
6.331228347245184
6.361535882768284
6.3919227740236995
6.422389016890724
6.4529346073013505
6.4835595412401235
6.5142638147428364
6.5450474238959035
6.575910364836432
6.606852633750071
6.637874226870414
6.668975140479415
6.700155370905873
6.73141491452474
6.762753767756342
6.794171927065796
6.8256693889629885
6.857246150001085
6.8889022067755725
6.920637555924478
6.952452194127791
6.984346118106154
7.01631932462056
7.04837181047166
7.0805035724996745
7.112714607583659
7.145004912639991
7.177374484622906
7.209823320523332
7.242351417369428
7.274958772224375
7.307645382186857
7.340411244390903
7.373256356004317
7.406180714229463
7.4391843163017075
7.4722671594886485
7.505429241091476
7.538670558442749
7.571991108906474
7.605390889878042
7.638869898782864
7.672428133077837
7.706065590248598
7.739782267810062
7.77357816330629
7.807453274310601
7.841407598422902
7.87544113327297
7.909553876515727
7.9437458258351175
7.978016978939432
8.012367333566784
8.046796887476482
8.08130563845793
8.115893584321233
8.150560722906246
8.185307052074227
8.220132569707141
8.255037273726613
8.290021162041757
8.325084232655188
8.360226483465748
8.395447912608953
8.43074851789623
8.466128297704286
8.50158724960246
8.537125372414646
8.572742663195385
8.6084391215581
8.644214743631409
8.680069530263097
8.716003476239521
8.752016583893203
8.788108846829804
8.82428026785502
8.860530841956852
8.89686056717144
8.933269449511995
8.969757465613611
9.006324659871733
9.04297094411846
9.079696467822352
9.11650097841244
9.153384874978267
9.190347536682385
9.227389890554264
9.264510581328897
9.301711522918326
9.33899008714443
9.376349741088744
9.413786107233229
9.45130435720165
9.488898954539685
9.526574730906745
9.56432962196619
9.602159132691092
9.640080601071693
9.678053599784334
9.716157110675393
9.754250455232361
9.792567876978007
9.830738120720811
9.869321624310698
9.907508153360025
9.946407472208355
9.984585119943977
10.023731413339066
10.062109746377672
10.100967992791954
10.140505916614677
10.177353676686144
10.220667188697822
10.25172288476616
10.303867854337273
10.325269822727897
10.378326942802254
10.448028265114035
10.520357398261115
10.594379234817707
10.669807096909551
10.746520954637319
10.82447699767027
10.903679408055803
10.984168315005423
11.066005175472142
11.149228653652914
11.23376546860666
11.321732959560894
